$ANSIBLE_VAULT;1.1;AES256
34313433643135356430666666316161663061333039613130393261663063666564383933646633
3661386666396634366363636536303234306431356432350a323935346538303338643933333264
61656562663461323563636264303238636339333635396261343064353536656537323866313366
3438343930303134340a656132326561303333336631323732353730666332346666383863363566
31656661373866653730656163623031303236626433656230633165366438383965303236383565
35316434373962386131306537376361316234383031613434653861393838336365633332666432
36373566373135346661363262623830343432393537393466363136356531336164356261633932
66323436653734336666343162336162653332636565343934656234313737346237363932633530
30303233653633393737333339383036336431636130336562396565376263643338306564376336
66656462333737353266306137643531313235393832363163353962613961343462633862383436
66613830303764643836306331663133326333386138643139636334633162383436396566306130
37643563633638323139613464393830336363366134643936653236336438643562376265623939
33323533393935616232363338346638386665353031353566613261316362383532666665383437
38336133363535323061643432646431363837633630323261303731363631626165653133643632
30633431386537663766383563356334343366613366363066666661356536333530633331333630
36326532666435633463623433636362303731643664333437386661613266306337396165363666
35356335353636313566623564316538396535306335656463373666326366326232653665333365
66326462343132383537363335613661313762613234363433643763643263353031373164346665
66396631306336646332616530373065633364343837666565306134306166643238323530646331
61303363656336613633643363336333383238656465303834636361373562346435386162373363
63366665643464353636306363366631356630636236386436316635333831653132
