$ANSIBLE_VAULT;1.1;AES256
30626163326332346433373630396166356465323030626261303539313734613338313234363430
6339613561623432653664623137613965316464613639360a633063386431643462313039333733
66636335303463393264383965616263323537653338346630616537623337313166333761363064
3433393664663631650a623965633964666139656665373464326532353336653733333430616434
34306564376566386238616430613535386464613336303365646238356430383165363034663261
65353765363134376431396134393437383833326531333764303363663034336336316331653135
65646235633330613935643636663763633939333262343634643266666234363864633337353566
36623636613237656534643734376630313561346237646237653736366662383535636330633933
37346234353264396261353032393564353965353962323137323531636634616432353664353036
63366134643938653737643935326236303830313165346637356138343937303061356438303563
62376463373639313334393466373661333263313531353864643931656334653935386664643231
37646563383338353538623035393631666539323937643732613033323666353530623737306335
32613666336333626662313563313665363764326439633166313732373236353636343036343465
37633030363133383561396134636532643162623032366337396661353730653265653261326363
35383235626436323935316337393633323730363332313965303064646234336166376238326238
33633730396635373436363330356466356230616139666439666566383230396338383161626535
32313736626338636236373763633430376264313234356336613239323264343437666338336438
64313233316162326266396362323339373065663837626565653464326464373332613437383438
65336665663761633031353364663438303163666462356332336536343135643739663566373837
62313266383131666565346236643832326534373139316430656132663738656635653933323864
61303261396432626336633638636263326661613461316239353866323436636464646637323236
38623235366261386465643461386336353863303632626139646166633538626632346261383363
62626230616336323934353032396665333839616364303563623330663337363561636463346334
31376639386537613834306366623963623234623362343539306138306263383739613663396538
38373966316662646566643637313865316335346565353937336233656333313739663064333130
62656536656235643535653439313931633364353838306262656335666566393333326635313566
34383062343136316431643136626535636366646131386266373364353138346334616135396632
33393961613939643837393135643633643739353862653538343561366234393761313033633234
62646232393865333761666538633538366638383132356535386639373061353663623366396431
39646135653639333965386339636166306538373163616137646433353430636165653338633962
39393661616139386638333265653239353365646437323938373966623234303531383337323963
37356232663932616564356437366662396566373361336536393434336332663661333564663932
31336335353163613662653032383133653638646465323738343730353530636561313466323231
64333631383832323661393431623831313633323834656466623332346233663939353133303239
663537303039303530626338303435633431
