$ANSIBLE_VAULT;1.1;AES256
31383163366462386138343636663536366132313037613737646363326636303030656462313538
3065666131393333613961353536363837383733386535640a653964653336653432386265313838
65616565316465666536613265346265623333386364363362323865303836366564323638303863
6136633332636534330a643331636166623832623431643436343339666134353764393431616461
37646532646165396265356230336437666266646134643664393463303735616137383765316664
33623736373639333564643531616237356539386631643439336561633765366433653037356335
37633035373539653035333735303535653237333834653238396531383238373939396233343166
64613164633731636261373233306331646339343765376436303334333862633837653938663837
31633737383131653337313437306464313033366635356139366364336531623261303737653032
64653434666130646534643866353165323730623339616234366535356330366663353363353061
39313634633933303036626231623865656630633438303030313630613261333237643732393739
63636130336362313739353466373363396162303039393936356532376632343864643164333738
33653865353564656136643961663164623330613865653733306430326166323864613762613438
64313661323339313332613337336262333930363661663037313137656231313438366261653133
32333437333765303265316233656534616264366463323530356231386565623039386662666437
37346435636631656134383037663337346130396237663231376362633764386333633563663633
33366263666133663061313635653164636337356663626632326530386432346266393430376365
32363832353132366538613035393031613330313136636236353762373966303436393663623962
34313034653834306334303731376261343037656262393338383462303330613233663231363432
61323836653463633930613861633031396162636431316638383738363562656433626363626463
35303262363830613433376234313039626231353531393738323563643639303130383464316531
34383061316134353866656361383037396336623435336464366363373034653539323061306166
32303533336136613436643261356234666562373164636634656337646135313731636261656463
31646537656634323961353437643765633965653163353863323564326430373130666361623137
65343232396133386538326261653733363731353436366536616565633961306565653139333364
34383737396135313238333632633838356666343065383865323732666166366539333733333364
61636334666338323933363964636461303066613964666461383832303234313838653263346562
36303465643762313633663738663466386662393134613837313366663337616236393466376362
30336132353637666638323435396564303437306238643933633730306431306632303433343963
63383238656562336434656463386661626135653463343538306236613065666632323763343134
366463653964616264366337313238643830
