$ANSIBLE_VAULT;1.1;AES256
33383930363430376666363331666565346430626464333163303934363636306238313130313738
3731663239313136373664316239663964383564313263300a393139313433633365363734643461
62333362306161663437333361353062636635653762626662366230326362393633333738313661
6534646561616461390a663866666233613032333533396263306139333632363135303363393330
61383637313763653331366636373536396434623539646236643437376663396561356333353762
65386135653464326263336235343034396364633235376333653939353864613465323934623366
36393531663137666235666562613136353236633065393463333363656239373438313766666135
33313033366130646332343230613764323238643865343566663331383061353265656439376563
31633566343836363038343265353032613238626463353430643733383830386364346236313839
39393065616633396534366338303866626131383439623464313333626537323131623362613830
30666663306336643064386536396264313031626561313738613430343432646339653363653335
34383662326662333564323234336237323432313132313134653433336332633737386664663139
33653836656363313830333332343736616161616638373762383366333936363438
