$ANSIBLE_VAULT;1.1;AES256
36323462303162663237626436306130656164633166363765646538373234326166613963393433
3036346662353333643534326132343633373266316564610a613535316265333264343133396162
32363334396335393032643834663664353337373066333864653136306433323436626630636335
6661666535643262340a626230653634623762626461393261363535343536373933373635333461
32326136353163653631623866353034623933386331303030343964376535333038663838336633
63366634346231663732363737313964363137363662336465616436623731303739333137386430
65343239316163626238623662653864313364623765633334336463373231613163356363363061
61336139313665656561316366623939656135343532643238616631623139396464643737626636
35333961343032646530656633313130376130346339623361313230396139303835373633396662
65353365613838613663323165626331616534613530643439306236636165343463303565353632
31373562633332636466613336343434336337383631346161633765646234376363376233656538
62316537306561363666303631313462616264333966396465336564353363313136613632333038
63393539363162646662623464356563383038366637383262323030373234646436363166396233
33623262653638613534343034653239326131626232303262323132626234386466346663663866
38363261376364663563643563633964323466393731623761633936626134343562653630633539
39663038366331383736383136653933316536373862333131623764366464366631666364346566
64366262366334623631653264393939633832656266353266623633643630666539316438663164
62633762396561313266373132646365643239653239373066623535653037346137666465313836
62346366613833666564666461333466366439353762656165336464313730376165326661303261
37343863646332613662363635343936646537323366316362346464303562616264666263633962
35323261393961316232306636346331386333386466643532666139376163343937616430633333
35623331393436616639616661633539343362656530616331356231353265643461626233613166
30633139383535643966613934633362613132336361333366656563343733386436653734636434
38643930306236653161303063386234386664393439386566316535386430646261656633363261
66663035656364636231373630336332393335626631646464643832306336303139313238653535
37373165336531396330663434346239343531623431666136633934326437333664393938313763
39353864343531616531653133343439663636386537373530336463376563353439616366393635
62663237653363626461616164353435366664646466386438376638393537343461626361343037
37666362366631613761383733346232333236656333643764306163366234306530393930653634
38396533333566353030353837636435386236613837306639336663633437656264626664373161
316435623162653639646338356161333432
